0000000000000000000000000000000000000000000000
0000000000000000000000000000000000000000000000
0000000000000000000000000000000000000000000000
0000000000000000000000000000000000000000000000
0000000000000000000000000000000000000000000000
0000000000000000000000000000000000000000000000
0000000000000000000000000000000000010000000000
0100000000000000000000000000000000010000000000
0100000000000000000000000000000000010000000000
0100000000000000000000000000000000010000000000
0100000000000000000000000000010000000000010000
0100000000000010000000000000010000000000010000
0100000000000010000000000000010000000000010000
0100000000000010000000000000010000000000010000
0100000000000010000000000000000010000010000000
0100000000000010000000000000000010000010000000
0100000000000010000000000000000010000010000000
0100000000000010000000000000000010000010000000
0100000000000000000000000000010000010000000000
0100000000000000000000000000010000010000000000
0100000000000000000000000000010000010000000000
0100000000000000000000000000010000010000000000
0100000000000000000000000000010000010000000000
0000000000000000000000000000000000000000000000
0000000000000000000000000000000000000000000000