0000000000000000000000000000000000000000000000
0000000000000000000000000000000000000000000000
0000000000000000000000000000000000000000000000
0000000000000000000000000000000000000000000000
0000000000000000000000000000000000000000000000
0000001000010000000000000000000000100001000000
0000001000010000000000000000000000100001000000
0000001000010000000000000000000000100001000000
0000001000010000000000000000000000100001000000
0000001000010000000000000000000000100001000000
0000001000010000000000000000000000100001000000
0000000000000001000000000000000000000100000000
0000000000000001000000000000000000000100000000
0000000000000001000000000000000000000100000000
0000000000000001000000000000000000000100000000
0000000000000001000000000000000000000100000000
0000000000000001000000000000000000000100000000
0000000011000000000000000000000000000000000100
0000000011000000000000000000000000000000000100
0000000011000000000000000000000000000000000100
0000000011000000000000000000000000000000000100
0000000011000000000000000000000000000000000100
0000000011000000000000000000000000000000000100
0000000000000000000000000000000000000000000000
0000000000000000000000000000000000000000000000